[gd_scene load_steps=2 format=3 uid="uid://kb8ukdv50gqr"]

[ext_resource type="PackedScene" uid="uid://drr0dih3sdors" path="res://assets/models/walker/WalkerBot.glb" id="1_5pos8"]

[node name="WalkerBot" instance=ExtResource("1_5pos8")]

[node name="Skeleton3D" parent="metarig" index="0"]
bones/0/rotation = Quaternion(-1.16916e-05, 1.19209e-07, -1.39484e-12, 1)
bones/1/position = Vector3(-1.2422e-12, 0.374815, 5.21018e-06)
bones/1/rotation = Quaternion(-0.000372902, 3.55444e-15, -8.89068e-11, 1)
bones/2/rotation = Quaternion(1, 2.12852e-05, 5.32819e-05, -0.00092497)
bones/4/rotation = Quaternion(-0.166448, -4.61862e-08, 2.52342e-06, 0.98605)
bones/8/position = Vector3(-0.715904, 0.548093, 0.0135986)
bones/8/rotation = Quaternion(1, -2.12855e-05, -5.30454e-05, -0.00092497)
bones/9/rotation = Quaternion(-0.00137161, 3.98177e-05, -1.39725e-05, 0.999999)
bones/9/scale = Vector3(1, 1, 1)
bones/13/rotation = Quaternion(0.99797, -9.12236e-09, 2.39516e-07, 0.063688)
bones/13/scale = Vector3(1, 1, 1.00003)
bones/14/rotation = Quaternion(0.126129, -1.70792e-09, 8.71063e-09, 0.992014)
bones/14/scale = Vector3(1, 1, 0.999999)
bones/15/rotation = Quaternion(-0.75004, -2.89075e-08, -1.46036e-07, 0.661393)
bones/21/rotation = Quaternion(0.99797, -2.4307e-08, 1.57672e-09, 0.0636882)
bones/21/scale = Vector3(1, 1, 1.00003)
bones/22/rotation = Quaternion(0.12613, -1.70771e-09, -5.14345e-08, 0.992014)
bones/22/scale = Vector3(1, 1, 0.999999)
bones/23/rotation = Quaternion(-0.75004, 2.89178e-08, 1.46045e-07, 0.661393)
bones/30/rotation = Quaternion(-0.707107, 8.42937e-08, -8.42937e-08, 0.707107)
bones/31/rotation = Quaternion(-0.707107, -8.42937e-08, 8.42937e-08, 0.707107)

[node name="Cube_039" parent="metarig/Skeleton3D" index="0"]
transform = Transform3D(0.999849, 2.75057e-05, 0.0173467, 0.00671626, 0.92139, -0.388582, -0.0159937, 0.38864, 0.921251, 0.000577867, -0.242313, -0.0372399)

[node name="Cube_036" parent="metarig/Skeleton3D" index="1"]
transform = Transform3D(0.999849, 2.75056e-05, 0.0173466, 0.00671626, 0.921389, -0.388582, -0.0159937, 0.38864, 0.921251, 0.000577927, -0.242313, -0.0372399)

[node name="Cube_018" parent="metarig/Skeleton3D" index="2"]
transform = Transform3D(0.99985, 4.0012e-05, 0.0173373, -0.0121612, 0.714339, 0.699694, -0.0123567, -0.6998, 0.714232, 0.000557303, 0.575565, 1.21879)

[node name="Cube_031" parent="metarig/Skeleton3D" index="3"]
transform = Transform3D(0.999985, -0.000162739, 0.00546814, 0.00546561, -0.0128124, -0.999903, 0.000232783, 0.999918, -0.0128113, 0.000433981, 1.64441, -1.35311)

[node name="Cube_017" parent="metarig/Skeleton3D" index="4"]
transform = Transform3D(0.999985, -0.000167587, 0.00546172, 0.00450126, 0.591936, -0.805973, -0.00309792, 0.805985, 0.591928, 0.000443816, 0.73618, -1.40659)

[node name="Cube_006" parent="metarig/Skeleton3D" index="5"]
transform = Transform3D(0.99985, 1.57015e-10, 0.0173286, -1.59162e-10, 1, 5.82077e-11, -0.0173286, -5.82077e-11, 0.99985, 0.000627327, 0.0592244, -5.4501e-06)

[node name="Cube_022" parent="metarig/Skeleton3D" index="6"]
transform = Transform3D(1, 2.61909e-08, 1.29575e-08, -2.86896e-08, 0.964284, 0.264825, -5.57221e-09, -0.264827, 0.964302, -5.96046e-08, 0.0817846, 0.446555)

[node name="Cube_027" parent="metarig/Skeleton3D" index="7"]
transform = Transform3D(1, 2.61465e-08, 1.17207e-08, -2.53095e-08, 0.997766, -0.0666351, -1.34508e-08, 0.0666447, 0.997782, -2.98023e-08, -0.108533, 0.402425)

[node name="Cube_020" parent="metarig/Skeleton3D" index="8"]
transform = Transform3D(1, 2.55971e-08, 1.46286e-08, -2.86623e-08, 0.727625, 0.685953, 6.90149e-09, -0.685971, 0.727642, 0, 0.219669, 0.394873)

[node name="Cube_013" parent="metarig/Skeleton3D" index="9"]
transform = Transform3D(1, -1.58634e-08, -1.61356e-09, 1.58525e-08, 0.978387, 0.206783, -1.71489e-09, -0.206788, 0.978387, 2.98023e-08, 0.0814865, 0.188195)

[node name="Cube_021" parent="metarig/Skeleton3D" index="10"]
transform = Transform3D(1, 5.00666e-08, 1.67947e-09, -4.9294e-08, 0.977519, 0.210825, 8.92601e-09, -0.210826, 0.977531, 0, -0.0370404, -0.0617087)

[node name="Cube_026" parent="metarig/Skeleton3D" index="11"]
transform = Transform3D(1, 5.00677e-08, 1.68043e-09, -4.92953e-08, 0.977519, 0.210825, 8.92531e-09, -0.210826, 0.977531, 8.9407e-08, -0.0370404, -0.0617088)

[node name="Cube_019" parent="metarig/Skeleton3D" index="12"]
transform = Transform3D(1, 5.00923e-08, 1.68896e-09, -4.93212e-08, 0.977519, 0.210825, 8.92211e-09, -0.210826, 0.977531, 0, -0.0370404, -0.0617088)

[node name="Cube_010" parent="metarig/Skeleton3D" index="13"]
transform = Transform3D(1, -6.11332e-08, 1.45204e-08, 6.18282e-08, 0.916105, -0.400925, 1.12214e-08, 0.400951, 0.916105, 5.96046e-08, 0.130713, -0.36646)

[node name="Cube_004" parent="metarig/Skeleton3D" index="14"]
transform = Transform3D(1, -4.34635e-15, 0, 4.34635e-15, 1, 0, 0, 0, 1, 2.62013e-13, 0.0592243, -1.49012e-08)
