[gd_scene load_steps=3 format=3 uid="uid://kb8ukdv50gqr"]

[ext_resource type="PackedScene" uid="uid://drr0dih3sdors" path="res://assets/models/walker/WalkerBot.glb" id="1_5pos8"]
[ext_resource type="Texture2D" uid="uid://bsanrt76dqash" path="res://assets/images/muzzle_fire.png" id="2_e2up5"]

[node name="WalkerBot" instance=ExtResource("1_5pos8")]

[node name="Skeleton3D" parent="metarig" index="0"]
bones/0/position = Vector3(-2.64082e-13, 0.828133, -0.0361982)
bones/0/rotation = Quaternion(-1.16916e-05, 1.19209e-07, -1.39484e-12, 1)
bones/1/position = Vector3(-1.2427e-12, 0.374815, 5.21105e-06)
bones/1/rotation = Quaternion(-0.000372902, -0.00088636, -3.51341e-07, 1)
bones/2/position = Vector3(0.715904, 0.548093, 0.013599)
bones/2/rotation = Quaternion(0.925484, 1.98313e-05, 5.38492e-05, -0.378785)
bones/3/rotation = Quaternion(-0.55512, -4.32247e-05, -1.99465e-05, 0.83177)
bones/4/rotation = Quaternion(-0.166448, -4.61981e-08, 2.52345e-06, 0.98605)
bones/8/position = Vector3(-0.715904, 0.548093, 0.0135986)
bones/8/rotation = Quaternion(0.881839, 2.52937e-05, -5.12464e-05, 0.471551)
bones/9/rotation = Quaternion(-0.276228, 5.05159e-05, 7.95177e-06, 0.961092)
bones/13/rotation = Quaternion(0.999184, -1.71965e-08, 2.38363e-07, -0.0404019)
bones/13/scale = Vector3(1, 1, 1.00003)
bones/14/rotation = Quaternion(0.389682, -3.12852e-09, 5.09107e-08, 0.92095)
bones/14/scale = Vector3(1, 0.999998, 1.00001)
bones/15/rotation = Quaternion(-0.926681, -2.52155e-08, -1.88291e-07, 0.375848)
bones/17/rotation = Quaternion(0.306359, -7.57885e-09, 8.14694e-08, 0.951916)
bones/21/rotation = Quaternion(0.963771, -1.03592e-07, 2.24908e-09, 0.266733)
bones/21/scale = Vector3(1, 1, 1.00002)
bones/22/rotation = Quaternion(0.424986, -1.36713e-09, -1.76835e-07, 0.9052)
bones/22/scale = Vector3(1, 0.999996, 1)
bones/23/rotation = Quaternion(-0.817318, 1.85952e-08, 1.54492e-07, 0.576187)
bones/30/position = Vector3(0.331109, 0.197698, -0.363815)
bones/30/rotation = Quaternion(-0.707107, 8.42937e-08, -8.42937e-08, 0.707107)
bones/31/position = Vector3(-0.331109, 0.135774, 0.0868087)
bones/31/rotation = Quaternion(-0.707107, -8.42937e-08, 8.42937e-08, 0.707107)

[node name="Cube_039" parent="metarig/Skeleton3D" index="0"]
transform = Transform3D(0.999879, 9.31323e-10, 0.0155562, 7.45058e-09, 1, -5.36442e-07, -0.0155561, 6.25849e-07, 0.999879, 0.000563145, 4.76837e-07, -4.67896e-06)

[node name="Cube_036" parent="metarig/Skeleton3D" index="1"]
transform = Transform3D(0.999879, 1.45519e-09, 0.0155561, 1.39698e-09, 1, -2.08616e-07, -0.0155561, 2.98023e-07, 0.999879, 0.000563204, 7.15256e-07, -4.58956e-06)

[node name="Cube_018" parent="metarig/Skeleton3D" index="2"]
transform = Transform3D(0.999879, -1.16415e-09, 0.0155561, -5.58794e-09, 1, 4.47035e-07, -0.0155561, -3.8743e-07, 0.999879, 0.000563025, 9.53674e-07, -3.37884e-06)

[node name="Cube_031" parent="metarig/Skeleton3D" index="3"]
transform = Transform3D(0.999993, -0.000349513, 0.00378434, 0.000510622, 0.99909, -0.0426555, -0.00376599, 0.0426571, 0.999083, 0.000593364, 0.0501766, -0.0141712)

[node name="Sprite3D" type="Sprite3D" parent="metarig/Skeleton3D/Cube_031/Cube_031" index="0"]
transform = Transform3D(1, 7.27596e-11, 1.13687e-11, 1.30967e-10, 1, -2.79397e-09, -3.70801e-09, 7.45058e-09, 1, -0.724568, 1.33991, 1.37901)
visible = false
texture = ExtResource("2_e2up5")

[node name="Cube_017" parent="metarig/Skeleton3D" index="4"]
transform = Transform3D(0.999993, -0.000197415, 0.00377682, 2.1226e-05, 0.998914, 0.0465934, -0.00378192, -0.046593, 0.998907, 0.000394166, 0.00427651, 0.105161)

[node name="Cube_006" parent="metarig/Skeleton3D" index="5"]
transform = Transform3D(0.999879, 1.5757e-10, 0.0155561, -1.51886e-10, 1, -4.07454e-10, -0.0155561, 5.23869e-10, 0.999879, 0.00056316, 3.57628e-07, -4.37349e-06)

[node name="Cube_022" parent="metarig/Skeleton3D" index="6"]
transform = Transform3D(1, -7.80176e-12, -4.1922e-12, 1.32445e-11, 0.982593, 0.185726, -1.43565e-11, -0.185749, 0.982609, -2.98023e-08, 0.056766, 0.00340953)

[node name="Cube_027" parent="metarig/Skeleton3D" index="7"]
transform = Transform3D(1, 2.13873e-11, -1.37499e-11, -1.66125e-11, 0.999992, -8.02428e-06, -3.31291e-12, -8.65757e-06, 1.00001, 0, 3.75509e-06, 2.6226e-06)

[node name="Cube_020" parent="metarig/Skeleton3D" index="8"]
transform = Transform3D(1, 9.80549e-12, -8.00071e-12, -5.00222e-12, 0.999992, -8.58307e-06, -9.0381e-12, -8.10623e-06, 1.00001, 0, 3.54648e-06, 2.45869e-06)

[node name="Cube_013" parent="metarig/Skeleton3D" index="9"]
transform = Transform3D(1, 2.86349e-12, -2.359e-12, -1.69287e-12, 1, -2.34693e-06, -1.20224e-11, -2.49594e-06, 1, 2.98023e-08, -1.19209e-07, 1.16974e-06)

[node name="Cube_021" parent="metarig/Skeleton3D" index="10"]
transform = Transform3D(1, -2.71854e-11, 4.14779e-12, 3.14344e-11, 0.976491, 0.215537, -8.93702e-13, -0.215528, 0.976494, -2.98023e-08, -0.0461866, 0.013478)

[node name="Cube_026" parent="metarig/Skeleton3D" index="11"]
transform = Transform3D(1, -2.55227e-11, 5.07328e-12, 3.13491e-11, 0.999996, 8.15094e-06, 3.93641e-12, 7.00355e-06, 0.999995, 5.96046e-08, -5.81145e-07, -1.02147e-05)

[node name="Cube_019" parent="metarig/Skeleton3D" index="12"]
transform = Transform3D(1, -9.09495e-13, 1.35856e-11, 6.72884e-12, 0.999996, 7.86781e-06, -4.60432e-12, 7.27177e-06, 0.999995, 0, -5.96046e-07, -1.02073e-05)

[node name="Cube_010" parent="metarig/Skeleton3D" index="13"]
transform = Transform3D(1, -5.44276e-12, 1.2264e-11, 1.07292e-11, 1, 8.9705e-06, -3.43903e-12, 8.70228e-06, 0.999989, 0, -2.20537e-06, -4.8615e-06)

[node name="Cube_004" parent="metarig/Skeleton3D" index="14"]
transform = Transform3D(1, -4.34158e-15, -5.82645e-13, 4.34115e-15, 1, -5.09317e-11, 5.82645e-13, 5.09317e-11, 1, -2.33856e-14, 3.57628e-07, 7.45058e-09)
