[gd_scene load_steps=2 format=3 uid="uid://ur4x8bblrfh5"]

[ext_resource type="PackedScene" uid="uid://drr0dih3sdors" path="res://assets/models/walker/WalkerBot.glb" id="1_jugrc"]

[node name="WalkerBot" instance=ExtResource("1_jugrc")]

[node name="Cube_039" parent="metarig/Skeleton3D" index="0"]
transform = Transform3D(0.999849, 2.75057e-05, 0.0173467, 0.00671626, 0.92139, -0.388582, -0.0159937, 0.38864, 0.921251, 0.000577867, -0.242313, -0.0372398)

[node name="Cube_036" parent="metarig/Skeleton3D" index="1"]
transform = Transform3D(0.999849, 2.75056e-05, 0.0173466, 0.00671626, 0.921389, -0.388582, -0.0159937, 0.38864, 0.921251, 0.000577927, -0.242313, -0.0372399)

[node name="Cube_018" parent="metarig/Skeleton3D" index="2"]
transform = Transform3D(0.99985, 4.0012e-05, 0.0173373, -0.0121612, 0.714339, 0.699694, -0.0123567, -0.6998, 0.714232, 0.000557303, 0.575565, 1.21879)

[node name="Cube_031" parent="metarig/Skeleton3D" index="3"]
transform = Transform3D(0.999985, -0.000162739, 0.00546814, 0.00546561, -0.0128124, -0.999903, 0.000232783, 0.999918, -0.0128113, 0.000433981, 1.64441, -1.35311)

[node name="Cube_017" parent="metarig/Skeleton3D" index="4"]
transform = Transform3D(0.999985, -0.000167587, 0.00546172, 0.00450126, 0.591936, -0.805973, -0.00309792, 0.805985, 0.591928, 0.000443816, 0.73618, -1.40659)

[node name="Cube_006" parent="metarig/Skeleton3D" index="5"]
transform = Transform3D(0.99985, 1.57015e-10, 0.0173286, -1.60981e-10, 1, 1.74623e-10, -0.0173286, -1.74623e-10, 0.99985, 0.000627327, 0.0592244, -5.4501e-06)

[node name="Camera3D" type="Camera3D" parent="metarig/Skeleton3D/Cube_006/Cube_006" index="0"]
transform = Transform3D(-1, -3.20998e-10, -9.31323e-08, -3.21961e-10, 1, 3.46499e-10, 9.31323e-08, 3.43752e-10, -1, -0.00519859, 1.7, 0.299955)

[node name="Cube_022" parent="metarig/Skeleton3D" index="6"]
transform = Transform3D(1, 4.979e-08, 2.03386e-08, -5.33999e-08, 0.964283, 0.264822, -6.43163e-09, -0.264824, 0.964285, -5.96046e-08, 0.0817838, 0.446549)

[node name="Cube_027" parent="metarig/Skeleton3D" index="7"]
transform = Transform3D(1, 5.08606e-08, 1.094e-08, -5.00198e-08, 0.997764, -0.0666384, -1.431e-08, 0.0666419, 0.997765, -2.98023e-08, -0.108533, 0.402419)

[node name="Cube_020" parent="metarig/Skeleton3D" index="8"]
transform = Transform3D(1, 4.29825e-08, 3.2211e-08, -5.33727e-08, 0.727626, 0.685949, 6.04194e-09, -0.68596, 0.727628, 0, 0.219668, 0.394867)

[node name="Cube_013" parent="metarig/Skeleton3D" index="9"]
transform = Transform3D(1, 5.86221e-10, 1.72867e-09, -9.31596e-10, 0.978387, 0.206779, -1.57463e-09, -0.206785, 0.978369, 2.98023e-08, 0.0814862, 0.188192)

[node name="Cube_021" parent="metarig/Skeleton3D" index="10"]
transform = Transform3D(1, 7.40409e-08, 7.7294e-09, -7.40062e-08, 0.977518, 0.210822, 8.05831e-09, -0.210825, 0.977514, -2.98023e-08, -0.0370394, -0.0617065)

[node name="Cube_026" parent="metarig/Skeleton3D" index="11"]
transform = Transform3D(1, 7.4042e-08, 7.73038e-09, -7.40075e-08, 0.977518, 0.210823, 8.05756e-09, -0.210825, 0.977514, 5.96046e-08, -0.0370394, -0.0617066)

[node name="Cube_019" parent="metarig/Skeleton3D" index="12"]
transform = Transform3D(1, 7.40666e-08, 7.7389e-09, -7.40333e-08, 0.977518, 0.210822, 8.0544e-09, -0.210825, 0.977514, 0, -0.0370394, -0.0617066)

[node name="Cube_010" parent="metarig/Skeleton3D" index="13"]
transform = Transform3D(1, -4.58131e-08, 7.66266e-09, 4.50426e-08, 0.916103, -0.400928, 1.13529e-08, 0.400943, 0.916089, 2.98023e-08, 0.130714, -0.366453)

[node name="Cube_004" parent="metarig/Skeleton3D" index="14"]
transform = Transform3D(1, -4.34635e-15, 0, 4.34635e-15, 1, 0, 0, 0, 1, 2.62013e-13, 0.0592243, -1.49012e-08)
