[gd_scene load_steps=2 format=3 uid="uid://ur4x8bblrfh5"]

[ext_resource type="PackedScene" uid="uid://drr0dih3sdors" path="res://assets/models/walker/WalkerBot.glb" id="1_jugrc"]

[node name="WalkerBot" instance=ExtResource("1_jugrc")]

[node name="Skeleton3D" parent="metarig" index="0"]
bones/0/position = Vector3(0, 0.863759, -0.0361982)
bones/0/rotation = Quaternion(-1.16916e-05, 1.19209e-07, -1.39484e-12, 1)
bones/1/position = Vector3(-1.24254e-12, 0.374815, 5.20788e-06)
bones/1/rotation = Quaternion(-0.000372902, 3.55444e-15, -8.89068e-11, 1)
bones/2/position = Vector3(0.715904, 0.548093, 0.013599)
bones/2/rotation = Quaternion(0.978293, 9.88471e-06, 5.65271e-05, -0.207228)
bones/3/rotation = Quaternion(-0.32353, -4.6892e-05, -8.2085e-06, 0.946218)
bones/4/rotation = Quaternion(-0.166448, -4.61858e-08, 2.52342e-06, 0.98605)
bones/8/position = Vector3(-0.715904, 0.548093, 0.0135986)
bones/8/rotation = Quaternion(0.984789, -1.17567e-05, -5.59261e-05, -0.173754)
bones/9/rotation = Quaternion(-0.441455, 4.83206e-05, 1.67393e-05, 0.897284)
bones/13/rotation = Quaternion(0.999875, -2.09366e-08, 2.38448e-07, 0.0157801)
bones/13/scale = Vector3(1, 1, 1.00003)
bones/14/rotation = Quaternion(0.367717, -2.83149e-09, 4.63133e-08, 0.929938)
bones/14/scale = Vector3(1, 0.999998, 1.00001)
bones/15/rotation = Quaternion(-0.887584, -2.52251e-08, -1.77397e-07, 0.460646)
bones/17/rotation = Quaternion(0.306359, -7.57883e-09, 8.14694e-08, 0.951916)
bones/21/rotation = Quaternion(0.882487, -1.92666e-07, 1.5918e-08, 0.470336)
bones/21/scale = Vector3(1, 1.00001, 1.00002)
bones/22/rotation = Quaternion(0.591572, -2.55724e-11, -3.12167e-07, 0.806252)
bones/22/scale = Vector3(1, 0.999997, 0.999997)
bones/30/position = Vector3(0.331109, 0.185293, -0.267333)
bones/30/rotation = Quaternion(-0.707107, 8.42937e-08, -8.42937e-08, 0.707107)
bones/31/position = Vector3(-0.331109, 0.301823, 0.250705)
bones/31/rotation = Quaternion(-0.707107, -8.42937e-08, 8.42937e-08, 0.707107)

[node name="Cube_039" parent="metarig/Skeleton3D" index="0"]
transform = Transform3D(0.999849, 2.75073e-05, 0.0173467, 0.00271274, 0.987447, -0.157926, -0.0171333, 0.15795, 0.987298, 0.000577867, -0.170281, 0.0028953)

[node name="Cube_036" parent="metarig/Skeleton3D" index="1"]
transform = Transform3D(0.999849, 2.75072e-05, 0.0173466, 0.00271274, 0.987447, -0.157926, -0.0171332, 0.157949, 0.987298, 0.000577927, -0.170281, 0.00289521)

[node name="Cube_018" parent="metarig/Skeleton3D" index="2"]
transform = Transform3D(0.99985, 4.00093e-05, 0.0173373, -0.00613659, 0.936078, 0.351739, -0.016215, -0.351792, 0.935938, 0.000557303, 0.155684, 0.614525)

[node name="Cube_031" parent="metarig/Skeleton3D" index="3"]
transform = Transform3D(0.999985, -0.00016274, 0.00546815, 0.00474284, 0.523924, -0.851752, -0.00272628, 0.851765, 0.523917, 0.000433922, 0.869189, -1.67085)

[node name="Cube_017" parent="metarig/Skeleton3D" index="4"]
transform = Transform3D(0.999985, -0.000167586, 0.00546171, 0.0052871, 0.282143, -0.959358, -0.00138021, 0.959372, 0.28214, 0.000443757, 1.24784, -1.68964)

[node name="Cube_006" parent="metarig/Skeleton3D" index="5"]
transform = Transform3D(0.99985, 1.57015e-10, 0.0173286, -1.59162e-10, 1, 5.82077e-11, -0.0173286, -5.82077e-11, 0.99985, 0.000627327, 0.0356262, -5.45382e-06)

[node name="Camera3D" type="Camera3D" parent="metarig/Skeleton3D/Cube_006/Cube_006" index="0"]
transform = Transform3D(-0.99985, -6.23592e-10, 0.0173285, -6.2379e-10, 1, 6.0957e-11, -0.0173285, 4.74088e-11, -0.99985, -0.00582592, 1.66437, 0.29995)

[node name="Cube_022" parent="metarig/Skeleton3D" index="6"]
transform = Transform3D(1, 9.28999e-09, 3.052e-09, -9.65581e-09, 0.98724, 0.159167, -1.55005e-09, -0.15918, 0.98726, -2.98023e-08, 0.0480279, 0.123312)

[node name="Cube_027" parent="metarig/Skeleton3D" index="7"]
transform = Transform3D(1, 9.32047e-09, 3.04374e-09, -9.68451e-09, 0.98724, 0.159167, -1.5371e-09, -0.15918, 0.98726, 0, 0.0480279, 0.123312)

[node name="Cube_020" parent="metarig/Skeleton3D" index="8"]
transform = Transform3D(1, 9.30891e-09, 3.04968e-09, -9.67407e-09, 0.98724, 0.159167, -1.54476e-09, -0.15918, 0.98726, 0, 0.0480279, 0.123312)

[node name="Cube_013" parent="metarig/Skeleton3D" index="9"]
transform = Transform3D(1, 7.31605e-09, 2.80886e-09, -7.58535e-09, 0.993691, 0.112149, -1.98419e-09, -0.112153, 0.993692, 2.98023e-08, 0.0427665, 0.102136)

[node name="Cube_021" parent="metarig/Skeleton3D" index="10"]
transform = Transform3D(1, -1.21076e-07, 1.01141e-08, 1.20414e-07, 0.998696, 0.0512013, -1.6296e-08, -0.05119, 0.998678, 0, 0.16175, 0.170963)

[node name="Cube_026" parent="metarig/Skeleton3D" index="11"]
transform = Transform3D(1, -1.21075e-07, 1.01151e-08, 1.20413e-07, 0.998696, 0.0512014, -1.62969e-08, -0.0511901, 0.998678, 8.9407e-08, 0.16175, 0.170962)

[node name="Cube_019" parent="metarig/Skeleton3D" index="12"]
transform = Transform3D(1, -1.21051e-07, 1.01236e-08, 1.20388e-07, 0.998696, 0.0512011, -1.63042e-08, -0.0511898, 0.998678, 2.98023e-08, 0.16175, 0.170962)

[node name="Cube_010" parent="metarig/Skeleton3D" index="13"]
transform = Transform3D(1, 8.33505e-08, -1.42147e-08, -6.93788e-08, 0.905042, 0.425344, 4.83223e-08, -0.425341, 0.905022, -5.96046e-08, 0.127445, 0.386477)

[node name="Cube_004" parent="metarig/Skeleton3D" index="14"]
transform = Transform3D(1, -4.34635e-15, 0, 4.34635e-15, 1, 0, 0, 0, 1, 2.62013e-13, 0.0356261, -1.49012e-08)
